32 256 1024
64 512 1024
32 128 1024
128 64 1024
32 128 1024
64 512 1024
1024 256 1024
1024 16 1024
128 32 1024
64 64 1024
128 16 1024
512 64 1024
64 512 1024
512 1024 1024
32 512 1024
512 16 1024
128 512 1024
128 64 1024
32 16 1024
64 64 1024
32 256 1024
512 16 1024
1024 128 1024
1024 64 1024
64 32 1024
128 512 1024
16 32 1024
32 64 1024
256 256 1024
32 128 1024
64 1024 1024
256 512 1024
128 512 1024
512 256 1024
128 16 1024
512 128 1024
64 128 1024
128 64 1024
256 16 1024
64 16 1024
16 128 1024
512 16 1024
256 256 1024
16 64 1024
32 32 1024
512 256 1024
512 16 1024
16 32 1024
256 1024 1024
256 16 1024
256 16 1024
128 16 1024
32 512 1024
16 1024 1024
128 16 1024
1024 32 1024
256 64 1024
1024 1024 1024
16 1024 1024
1024 32 1024
512 128 1024
128 256 1024
128 256 1024
128 512 1024
32 512 1024
256 128 1024
512 512 1024
32 16 1024
32 32 1024
256 512 1024
16 128 1024
256 256 1024
128 256 1024
128 128 1024
128 128 1024
128 64 1024
256 256 1024
256 512 1024
1024 512 1024
256 16 1024
256 32 1024
64 16 1024
1024 128 1024
16 1024 1024
512 64 1024
256 128 1024
128 32 1024
16 16 1024
128 32 1024
128 16 1024
64 256 1024
16 1024 1024
64 64 1024
512 32 1024
16 64 1024
16 256 1024
32 64 1024
128 512 1024
512 128 1024
256 32 1024
1024 1024 1024
256 64 1024
1024 64 1024
16 64 1024
256 64 1024
16 256 1024
1024 512 1024
256 1024 1024
16 16 1024
1024 32 1024
16 1024 1024
128 32 1024
1024 1024 1024
256 64 1024
32 16 1024
256 512 1024
256 1024 1024
512 32 1024
16 1024 1024
256 64 1024
32 64 1024
1024 512 1024
32 32 1024
512 1024 1024
32 256 1024
16 32 1024
32 64 1024
16 16 1024
32 128 1024
64 16 1024
128 256 1024
512 512 1024
64 64 1024
16 64 1024
32 64 1024
64 16 1024
256 32 1024
512 128 1024
128 32 1024
128 64 1024
512 32 1024
256 256 1024
128 64 1024
256 512 1024
512 512 1024
128 1024 1024
16 64 1024
512 64 1024
256 128 1024
64 128 1024
512 256 1024
128 64 1024
256 1024 1024
256 512 1024
32 16 1024
16 256 1024
32 64 1024
16 512 1024
512 64 1024
32 32 1024
16 256 1024
1024 1024 1024
256 64 1024
1024 1024 1024
512 64 1024
64 128 1024
256 128 1024
128 1024 1024
32 16 1024
256 16 1024
512 128 1024
64 16 1024
512 64 1024
128 32 1024
512 256 1024
128 128 1024
1024 64 1024
64 64 1024
256 64 1024
32 16 1024
64 64 1024
128 256 1024
128 256 1024
256 256 1024
512 1024 1024
256 32 1024
64 512 1024
32 32 1024
16 64 1024
64 512 1024
256 128 1024
64 256 1024
128 64 1024
1024 512 1024
64 512 1024
512 256 1024
16 1024 1024
16 64 1024
256 256 1024
1024 16 1024
32 64 1024
32 256 1024
16 32 1024
128 16 1024
128 128 1024
256 32 1024
16 256 1024
128 128 1024
256 16 1024
64 16 1024
512 512 1024
256 256 1024
512 256 1024
1024 64 1024
1024 128 1024
16 32 1024
512 32 1024
128 128 1024
16 1024 1024
64 256 1024
64 1024 1024
128 16 1024
32 1024 1024
64 512 1024
1024 64 1024
512 64 1024
16 32 1024
1024 512 1024
128 512 1024
512 128 1024
64 512 1024
64 512 1024
512 128 1024
64 512 1024
64 256 1024
16 64 1024
32 128 1024
128 64 1024
16 128 1024
512 1024 1024
512 256 1024
64 512 1024
128 1024 1024
64 1024 1024
512 16 1024
16 512 1024
256 64 1024
128 16 1024
512 128 1024
128 512 1024
16 256 1024
32 1024 1024
512 64 1024
32 1024 1024
512 16 1024
128 128 1024
